[L1  L2  L3  L4]
[L5  L6  L7  L8]
[L9  L10 L11 L12]
[L13 L14 L15 L16]


rewards = np.array([
    [0, 1, 0, 0, 1, 0, 0, 0, 0, 0, 0, 0, 0, 0, 0, 0], # 1
    [1, 0, 1, 0, 0, -1000, 0, 0, 0, 0, 0, 0, 0, 0, 0, 0], # 2
    [0, 1, 0, 1, 0, 0, 1, 0, 0, 0, 0, 0, 0, 0, 0, 0], # 3
    [0, 0, 1, 0, 0, 0, 0, -1000, 0, 0, 0, 0, 0, 0, 0, 0], # 4
    [1, 0, 0, 0, 0, -1000, 0, 0, 1, 0, 0, 0, 0, 0, 0, 0], # 5
    [0, 1, 0, 0, 1, 0, 1, 0, 0, 1, 0, 0, 0, 0, 0, 0], # 6
    [0, 0, 1, 0, 0, -1000, 0, -1000, 0, 0, 1, 0, 0, 0, 0, 0], # 7
    [0, 0, 0, 1, 0, 0, 1, 0, 0, 0, 0, -1000, 0, 0, 0, 0], # 8
    [0, 0, 0, 0, 1, 0, 0, 0, 0, 1, 0, 0, -1000, 0, 0, 0], # 9
    [0, 0, 0, 0, 0, -1000, 0, 0, 1, 0, 1, 0, 0, 1, 0, 0], # 10
    [0, 0, 0, 0, 0, 0, 1, 0, 0, 1, 0, -1000, 0, 0, 1, 0], # 11
    [0, 0, 0, 0, 0, 0, 0, -1000, 0, 0, 1, 0, 0, 0, 0, 1], # 12
    [0, 0, 0, 0, 0, 0, 0, 0, 1, 0, 0, 0, 0, 1, 0, 0], # 13
    [0, 0, 0, 0, 0, 0, 0, 0, 0, 1, 0, 0, -1000, 0, 1, 0], # 14
    [0, 0, 0, 0, 0, 0, 0, 0, 0, 0, 1, 0, 0, 1, 0, 1], # 15
    [0, 0, 0, 0, 0, 0, 0, 0, 0, 0, 0, -1000, 0, 0, 1, 0]  # 16
])
